"","year","jan","feb","mar","apr","may","jun","july","aug","sep","oct","nov","dec"
"1","1882",0.33,0,-0.02,-0.17,-0.05,-0.31,-0.24,-0.08,-0.24,-0.01,-0.23,0.37
"2","1883",0.02,-0.03,-0.3,-0.15,-0.43,-0.24,-0.14,0.32,-0.21,-0.01,-0.38,-0.61
"3","1884",-0.75,-0.53,-0.65,-0.94,-0.91,-0.34,-0.19,-0.11,-0.28,-0.51,-0.85,-0.68
"4","1885",-0.39,-0.78,-0.42,-0.52,-0.33,0.42,0.24,0.38,-0.03,-0.42,0.24,-0.47
"5","1886",-0.44,-0.43,-0.45,-0.51,-0.11,-0.05,0.32,0.33,0.11,0.11,-0.48,-0.82
"6","1887",-0.43,-0.42,-0.8,-0.56,-0.58,-0.49,-0.34,-0.25,-0.23,-0.41,-0.41,-0.58
"7","1888",-0.72,-0.52,-0.43,0.27,-0.25,0.06,0.1,0.16,-0.01,0.09,0.13,0.09
"8","1889",-0.19,-0.01,0.17,0.5,0.52,0.13,0.19,0.18,-0.25,-0.29,-0.45,-0.15
"9","1890",-0.21,-0.14,-0.37,-0.18,-0.29,-0.33,-0.36,-0.32,-0.19,-0.13,-0.08,0.15
"10","1891",-0.41,-0.29,-0.41,-0.2,-0.33,0.06,-0.01,0.02,0.13,-0.11,-0.17,-0.05
"11","1892",-0.16,0.12,-0.29,-0.24,-0.39,-0.28,-0.24,-0.37,-0.19,-0.26,-0.18,-0.42
"12","1893",-0.42,-0.5,-0.6,-0.37,-0.57,-0.38,0.02,0.11,0.03,-0.24,-0.24,-0.22
"13","1894",-0.32,-0.35,-0.37,-0.23,-0.22,-0.17,-0.04,-0.24,-0.01,0.04,-0.03,0.02
"14","1895",-0.26,-0.32,-0.29,-0.07,0.05,0.16,-0.01,0.2,0.23,0.12,0.03,-0.01
"15","1896",-0.06,-0.12,-0.32,0.11,-0.16,-0.07,0.17,-0.09,0,0,0.16,0.23
"16","1897",0.41,0.61,0.69,0.3,0.17,0.2,0.1,0.13,0.14,0.16,0.18,-0.03
"17","1898",0.12,-0.2,-0.26,-0.2,-0.06,-0.13,-0.11,-0.12,-0.1,0.01,0.12,-0.36
"18","1899",-0.31,-0.36,-0.13,-0.1,0.06,-0.13,0.34,0.4,0.23,-0.23,0.03,0.27
"19","1900",0.1,0.15,0.26,0.05,-0.23,0.04,-0.06,0.33,0.22,0.24,0.22,0.29
"20","1901",0.39,-0.27,-0.14,-0.03,-0.17,-0.11,0.04,0.07,0.02,0,-0.46,-0.33
"21","1902",-0.08,-0.43,-0.11,-0.05,0.07,0.13,0.17,0.36,0.05,-0.28,-0.08,-0.32
"22","1903",-0.2,-0.44,-0.14,-0.19,-0.35,-0.24,0.02,0.05,-0.06,-0.12,-0.37,-0.51
"23","1904",-0.52,-0.67,-0.57,-0.59,-0.66,-0.32,-0.32,-0.07,-0.21,-0.24,-0.42,-0.44
"24","1905",-0.52,-0.76,-0.33,-0.19,-0.11,0.06,0.02,0.1,-0.05,0.01,0.07,0
"25","1906",-0.12,-0.1,-0.5,-0.11,-0.06,-0.16,0.09,-0.17,0.09,0.03,0,-0.04
"26","1907",-0.1,-0.42,-0.39,-0.62,-0.58,-0.32,-0.19,-0.4,-0.08,-0.13,-0.16,-0.15
"27","1908",-0.22,-0.57,-0.23,-0.12,-0.52,-0.26,-0.31,-0.28,-0.26,-0.32,-0.57,-0.32
"28","1909",-0.14,-0.17,-0.05,-0.52,-0.43,-0.35,-0.29,-0.18,-0.07,0,0.06,-0.19
"29","1910",-0.3,-0.34,-0.48,-0.31,-0.44,-0.31,-0.33,-0.21,-0.2,-0.37,-0.2,-0.3
"30","1911",-0.05,-0.47,-0.3,-0.37,-0.48,-0.2,-0.23,-0.18,-0.09,-0.24,-0.25,-0.21
"31","1912",-0.21,-0.1,-0.06,-0.15,-0.02,0.11,-0.15,-0.03,-0.18,-0.25,-0.26,-0.28
"32","1913",-0.18,-0.35,-0.68,-0.21,-0.56,-0.22,-0.2,-0.05,-0.25,-0.38,-0.26,-0.26
"33","1914",-0.01,-0.31,-0.16,-0.28,-0.04,0.04,-0.1,-0.06,0.06,0.13,0.22,0.08
"34","1915",-0.04,-0.15,-0.18,-0.26,-0.06,0.33,0.14,0.28,0.26,0.35,0.24,0.01
"35","1916",0.01,-0.11,-0.08,-0.19,-0.25,-0.21,-0.23,-0.32,-0.32,-0.22,-0.32,-0.34
"36","1917",-0.52,-0.7,-0.54,-0.58,-0.81,-0.36,-0.11,-0.18,-0.42,-0.27,-0.39,-0.58
"37","1918",-0.88,-0.5,-0.61,-0.82,-0.52,-0.39,-0.07,-0.26,-0.13,0.03,-0.07,0.06
"38","1919",0.12,0.21,0.03,-0.11,-0.18,-0.18,-0.29,-0.07,-0.47,-0.14,-0.14,-0.24
"39","1920",-0.2,-0.37,-0.36,-0.36,-0.43,-0.11,0.09,-0.05,0.11,0.01,-0.07,-0.28
"40","1921",-0.2,-0.32,-0.27,-0.1,-0.3,-0.1,-0.09,-0.14,-0.17,-0.27,-0.18,0.02
"41","1922",-0.08,-0.18,-0.44,-0.12,-0.2,-0.11,-0.05,-0.14,-0.13,-0.14,-0.22,-0.25
"42","1923",-0.1,-0.52,-0.33,-0.46,-0.33,-0.22,-0.39,-0.37,-0.14,-0.25,-0.29,-0.05
"43","1924",-0.05,-0.1,0,-0.06,-0.14,-0.06,-0.09,-0.01,-0.17,-0.23,-0.14,-0.25
"44","1925",-0.76,-0.54,-0.29,-0.24,-0.02,-0.13,-0.01,0.06,0.06,0.13,0.21,0.16
"45","1926",0.08,0.37,0.2,0.09,0.24,0.32,0.3,0.2,0.16,0.26,0.07,0.14
"46","1927",0.19,0.08,0.04,-0.2,0.02,0.1,0.12,0.11,0.02,0.25,0.33,0.41
"47","1928",0.33,0,0.08,0.03,0.06,-0.03,0.17,0.04,0.06,0.04,0.06,0.05
"48","1929",0.04,-0.13,-0.14,-0.15,-0.1,-0.15,-0.07,-0.22,-0.07,0.05,-0.19,-0.27
"49","1930",-0.47,-0.06,-0.17,-0.15,-0.16,-0.14,0.21,0.18,0.21,0.13,0.16,0.25
"50","1931",0.4,0.34,0.37,0.45,0.24,0.4,0.27,0.3,0.21,0.21,0.04,0.11
"51","1932",-0.05,-0.08,-0.17,0.17,-0.16,-0.02,0.03,-0.04,-0.03,0.13,0.09,-0.1
"52","1933",0,0.09,-0.07,-0.3,-0.22,-0.16,-0.24,-0.33,-0.38,-0.29,-0.22,-0.2
"53","1934",-0.42,-0.55,-0.51,-0.26,-0.08,0.04,0.17,0.12,0.2,0.15,0.11,0.21
"54","1935",0.08,-0.22,0.11,-0.09,-0.09,-0.05,0.01,-0.12,-0.1,0.05,-0.09,0.04
"55","1936",-0.04,0.17,0,0.12,0.02,-0.09,-0.01,-0.1,-0.13,-0.05,0.05,0.07
"56","1937",-0.07,0.12,0.05,0.19,0.08,0.19,0.08,0.14,0.27,0.23,0.34,0.3
"57","1938",0.29,0.27,-0.05,-0.16,-0.16,-0.17,-0.17,-0.07,-0.1,-0.04,-0.32,0.01
"58","1939",0.06,-0.29,-0.16,-0.29,-0.17,-0.12,-0.04,-0.08,-0.01,0.08,0.07,0.16
"59","1940",-0.09,0.04,-0.13,0.09,0.26,0.28,0.25,0.12,0.22,0.27,0.14,0.32
"60","1941",0.53,0.39,0.23,0.34,0.35,0.16,0.16,0.25,0.11,0.33,0.3,0.28
"61","1942",0.06,0.27,0.13,0.08,0.08,0.2,-0.01,-0.14,0.02,0.06,0.22,0.13
"62","1943",-0.1,-0.42,-0.51,-0.48,-0.13,-0.35,-0.23,-0.28,-0.2,-0.16,-0.08,-0.01
"63","1944",-0.13,-0.24,-0.4,-0.22,-0.13,0.02,-0.04,-0.05,-0.06,0.11,0.21,-0.12
"64","1945",0.11,-0.18,-0.19,-0.1,-0.22,0.13,-0.01,-0.02,0,-0.24,0.11,-0.04
"65","1946",0.07,0.12,0.22,0.08,0.02,0.1,-0.02,-0.27,0.06,-0.03,0.06,0.23
"66","1947",0.17,0.03,0.05,0.09,0.01,0.15,0.16,0.06,0.13,0.16,0.05,0.13
"67","1948",-0.03,0.07,-0.13,-0.11,0.01,-0.04,-0.02,0.04,0.1,-0.06,-0.17,0.1
"68","1949",-0.28,-0.29,-0.15,-0.1,-0.06,-0.07,-0.11,-0.03,-0.05,0.05,-0.07,0.02
"69","1950",0.04,-0.09,-0.11,-0.16,-0.12,-0.1,-0.33,-0.27,-0.11,-0.09,-0.1,-0.17
"70","1951",-0.07,-0.24,-0.07,-0.06,-0.05,0.01,0.11,0.25,0.24,0.37,0.23,0.16
"71","1952",0.21,0.23,0.04,0.04,0.13,0.09,0.02,-0.03,-0.01,0.13,0.18,0.1
"72","1953",0.28,0.16,0.14,0.09,0.08,0.16,0.08,0.15,0.1,0.18,0.25,-0.01
"73","1954",0.16,0.13,-0.06,0.11,-0.05,-0.09,-0.18,-0.2,-0.08,-0.22,0.02,-0.16
"74","1955",-0.05,0.05,-0.09,-0.23,-0.18,-0.22,-0.3,-0.2,-0.22,-0.2,-0.16,-0.27
"75","1956",-0.32,-0.12,-0.11,-0.17,-0.21,-0.24,-0.35,-0.24,-0.19,-0.18,-0.22,-0.18
"76","1957",-0.21,-0.21,-0.29,-0.25,-0.12,0.07,0.18,0.15,0.14,-0.03,0.21,0.4
"77","1958",0.33,0.08,0.34,0.48,0.3,0.19,0.05,0.13,0.28,0.24,0.13,0.37
"78","1959",0.28,0.05,0.21,0.2,0.07,0.21,0.02,-0.09,0.09,0.06,0,0.13
"79","1960",0.03,0.1,0.03,-0.06,-0.06,0.09,0.09,0.16,0.13,0.08,0.27,0.16
"80","1961",0.25,-0.05,0.12,0.09,0.22,0.06,-0.11,0.01,-0.12,-0.11,-0.25,-0.11
"81","1962",-0.14,-0.06,-0.07,0.08,-0.01,-0.17,0.11,0.01,-0.01,-0.01,0.23,0.08
"82","1963",-0.03,0.09,-0.06,-0.07,-0.02,0.13,0.2,0.25,0.25,0.25,0.2,0.18
"83","1964",0.05,0.06,0.32,0.09,-0.06,-0.13,-0.17,-0.23,-0.21,-0.35,-0.41,-0.47
"84","1965",-0.31,-0.29,-0.4,-0.52,-0.25,-0.22,-0.08,-0.14,-0.09,0,0.08,-0.02
"85","1966",0.13,0.24,0.06,0.13,0.04,0.09,0.23,0.26,0.06,0.03,-0.05,0.01
"86","1967",-0.19,-0.18,-0.25,-0.14,0.07,-0.06,0.02,-0.13,-0.09,-0.15,0.02,-0.17
"87","1968",-0.31,-0.53,-0.4,-0.43,-0.19,-0.23,0.02,0.11,0.07,0.04,0.01,0.25
"88","1969",0.17,0.32,0.59,0.43,0.46,0.27,0.17,0.14,0.19,0.16,0.2,0.32
"89","1970",0.21,0.44,0.18,0.36,0.19,0.21,0.02,0.04,-0.08,-0.01,-0.12,0.04
"90","1971",-0.29,-0.23,-0.27,-0.32,-0.33,-0.33,-0.22,-0.4,-0.19,-0.35,-0.35,-0.29
"91","1972",-0.25,-0.39,-0.21,-0.23,-0.21,-0.02,0.23,0.13,0.22,0.3,0.06,0.14
"92","1973",0.22,0.53,0.44,0.39,0.39,0.17,0.21,0.04,0.06,0.05,-0.09,-0.32
"93","1974",-0.11,-0.19,-0.14,0,-0.05,-0.07,-0.05,-0.02,-0.28,-0.06,-0.26,-0.22
"94","1975",-0.22,0.02,-0.03,-0.14,-0.2,-0.1,-0.25,-0.2,-0.31,-0.22,-0.31,-0.43
"95","1976",-0.29,-0.22,-0.39,-0.43,-0.28,-0.28,-0.07,-0.07,0.02,0.06,-0.06,0.23
"96","1977",0.01,0.1,0.19,0.19,0.05,0.27,0.27,0.24,0.34,0.25,0.22,0.39
"97","1978",0.11,0.37,0.34,0.25,0.28,0.17,0.15,0,0.03,0.16,0.03,0.34
"98","1979",0.45,0.46,0.17,0.4,0.09,0.29,0.43,0.28,0.34,0.3,0.4,0.25
"99","1980",0.38,0.29,0.45,0.64,0.48,0.62,0.51,0.25,0.36,0.35,0.28,0.14
"100","1981",0.02,0.22,0.47,0.55,0.21,0.31,0.3,0.49,0.42,0.37,0.23,0.51
"101","1982",0.34,0.19,0.15,0.28,0.13,0.42,0.49,0.36,0.51,0.29,0.06,-0.11
"102","1983",-0.24,0.34,0.13,0.38,0.78,0.66,0.63,0.54,0.58,0.39,0.49,0.19
"103","1984",-0.21,0.02,0.37,0.52,0.42,0.26,0.06,0.14,0.07,0.02,0.12,0.01
"104","1985",0.16,0.08,0.3,0.1,0.23,0.06,0.13,0.16,0.2,0.16,0.1,0.06
"105","1986",0.33,0.23,0.15,0.54,0.18,0.37,0.37,0.5,0.35,0.23,0.28,0.13
"106","1987",0.4,0.47,0.24,0.26,0.42,0.72,0.84,0.73,0.8,0.53,0.91,0.72
"107","1988",0.62,0.66,0.68,0.51,0.53,0.32,0.45,0.4,0.4,0.29,0.1,0.12
"108","1989",-0.25,-0.37,-0.3,0.06,0.16,0.18,0.29,0.25,0.35,0.16,0.44,0.11
"109","1990",0.49,0.31,0.29,0.62,0.41,0.54,0.29,0.62,0.58,0.7,0.8,0.58
"110","1991",0.43,0.58,0.39,0.57,0.47,0.45,0.65,0.38,0.51,0.25,0.17,0.28
"111","1992",-0.02,-0.13,0.19,0.31,0.2,0.55,0.25,0.31,0.39,0.34,0.18,0.26
"112","1993",-0.07,0.1,0.17,0.31,0.33,0.54,0.47,0.62,0.45,0.58,0.51,0.5
"113","1994",0.36,0.43,0.01,0.48,0.33,0.38,0.44,0.28,0.45,0.44,0.51,0.44
"114","1995",0.47,0.45,0.32,0.43,0.47,0.75,0.84,0.75,0.72,0.64,0.6,0.58
"115","1996",0.58,0.65,0.33,0.28,0.61,0.43,0.64,0.44,0.51,0.47,0.29,0.36
"116","1997",0.38,0.18,0.35,0.12,0.49,0.62,0.73,0.63,0.71,0.66,0.73,0.69
"117","1998",0.83,1,0.77,1.1,0.93,0.91,0.76,0.75,0.6,0.69,0.77,0.55
"118","1999",0.48,0.51,0.39,0.44,0.3,0.3,0.26,0.23,0.43,0.29,0.47,0.33
"119","2000",0.4,0.09,0.3,0.56,0.61,0.38,0.6,0.48,0.45,0.48,0.42,0.49
"120","2001",0.46,0.6,0.67,0.72,0.66,0.52,0.67,0.76,0.79,0.72,0.63,1.08
"121","2002",0.57,0.62,0.8,0.8,0.78,0.82,0.97,0.7,0.77,0.86,0.58,0.95
"122","2003",0.73,0.98,0.7,0.9,0.89,0.59,0.62,0.76,0.65,0.86,0.87,0.6
"123","2004",0.74,0.74,1,0.75,0.63,0.71,0.69,0.84,0.79,0.77,0.79,0.73
"124","2005",0.56,0.89,0.87,1.04,0.8,0.78,0.87,0.85,0.95,0.69,0.76,0.8
